,"(0, 20)","(20, 40)","(40, 60)"
240,1.2711557920469128,1.1907424829765507,1.1599403700264057
239,1.2737886463674226,1.1902243195102082,1.1584892396384359
238,1.2711008773836765,1.189263936228047,1.1569677236570701
237,1.2707748917680517,1.188780920138936,1.1565207829699917
236,1.2671259798613361,1.1885580502370146,1.154191153934492
235,1.2647302998194863,1.1864829620778132,1.1535296352210342
234,1.2647987093877737,1.1816689106414695,1.1534258457063393
233,1.2592484364105432,1.1808125165504937,1.1518120799875664
232,1.2577273563880373,1.1776299298940072,1.148975030074487
231,1.2578697690083314,1.1754397828221441,1.1466570173514417
230,1.2556892361739331,1.1732169976954352,1.1430094970610896
229,1.2516026141717373,1.1697435784561436,1.1405012974101805
228,1.2462959731684227,1.1688310705191347,1.1365950093520822
227,1.2416773085684052,1.1634527320112722,1.1334893761029978
226,1.2335480971104595,1.1589820746661943,1.126813122799943
225,1.2233360096516797,1.1533749650378102,1.1205013780247421
224,1.2157093074115501,1.14982508710982,1.11586522318438
223,1.2108014562294687,1.1466134314479948,1.1109002501767715
222,1.2092673895583372,1.1452776779190872,1.1079923067367772
221,1.207077584864634,1.143412695206331,1.105487046057197
220,1.2028514133887884,1.1407217998843189,1.1029638371079444
219,1.199364544528531,1.1382558331917416,1.1011705766912514
218,1.1968564417098795,1.1351143833114445,1.096930196187824
217,1.1922276671683487,1.1313303725192618,1.0942857224644982
216,1.1886802344583007,1.1303322156360414,1.0946034288115651
215,1.1894487063126442,1.1290604250218206,1.0933816319927534
214,1.1903085303261451,1.1303188629701935,1.09293037519116
213,1.1924263953201057,1.1297976419604292,1.0928487538922267
212,1.1940767945626682,1.1293940904815962,1.0905702452148196
211,1.1946572785608662,1.1292953676052837,1.0885702219115128
210,1.1962760893419335,1.1311773873887048,1.0871017540887984
209,1.1945703397600114,1.1288450305772242,1.0848661076138817
208,1.1902921312952908,1.1264968157989028,1.080624368118113
207,1.1890320013215883,1.125260574886355,1.078460564023217
206,1.1918480524804118,1.1252007290421755,1.0756156921269047
205,1.1980240542334575,1.1251778703771638,1.0772690055298875
204,1.2005462684969714,1.126306593133502,1.0789733751563035
203,1.2027563780823722,1.126804991580556,1.0810382089874455
202,1.2035337355953064,1.1272002065602704,1.0809148067163783
201,1.204244408291028,1.12717774209508,1.0803448012486991
200,1.2044723025226092,1.1266323317334048,1.0790365739038856
199,1.204616746091768,1.124820049850163,1.0777509234480103
198,1.203319552106492,1.1238388384109708,1.0774260150919568
197,1.202611628643903,1.1222611335132127,1.0764524138281053
196,1.1999000746817379,1.120015521301946,1.0724082030368436
195,1.1980872630772033,1.1199193426004879,1.069052455847848
194,1.1962625087762182,1.1175707256038703,1.0666027403072214
193,1.1966898989328063,1.116878254922315,1.0665530732437503
192,1.1995645424481238,1.1166498146907295,1.0675937963457525
191,1.1989489864512917,1.1166455517194875,1.0671776405867905
190,1.2013110599335923,1.1171183873328652,1.0684607201503091
189,1.2047040081875366,1.1173254809592783,1.0692776315355677
188,1.207928818907924,1.1149157323972705,1.067081511072731
187,1.20667153939442,1.1136997003843025,1.065863132194833
186,1.2040555899553127,1.112721420139232,1.0659367616974538
185,1.203876479958951,1.1098128135191259,1.0666867164988934
184,1.2037878566324667,1.1085973290568112,1.0667631784575706
183,1.2030495423547682,1.1089572499735805,1.0677421552499002
182,1.2003450131521927,1.1064767382573168,1.0668627749287427
181,1.195013873578311,1.1060709420633903,1.0635049446507003
180,1.1920903371227618,1.1051110571564875,1.0610211795880509
179,1.18819734969034,1.1049210023750882,1.0579225290213339
178,1.1861706070876041,1.1015888949327306,1.0564925994166625
177,1.1847241634693684,1.098385747962359,1.0553722529244178
176,1.18647727419027,1.095521592088428,1.053367475866318
175,1.1845530639181385,1.0950236494341716,1.0508844538994377
174,1.1810804475487184,1.0936973762186557,1.048901116696324
173,1.177812937804357,1.0916655174645686,1.0474004378736612
172,1.1749429067408517,1.0908116644783645,1.0459876796007332
171,1.17118373737636,1.0885733055334463,1.0423489149952663
170,1.1704406131766347,1.0861315318443658,1.041813047015575
169,1.1715145545249348,1.0844519076541743,1.0410218372553286
168,1.1747462989165764,1.0849433376930695,1.0401012120624913
167,1.1758880076590545,1.0853563904840668,1.0399096510654346
166,1.1754767880665975,1.084108074107012,1.0410105131595975
165,1.1762385440081988,1.0841533449271124,1.041182866266541
164,1.1748926168622698,1.0822098197967078,1.04185528316319
163,1.1731197090178636,1.0808585573099878,1.040249126586789
162,1.1672353608008075,1.0778922552684447,1.0367438619230311
161,1.1628314673814864,1.0749552295915599,1.0341003016483377
160,1.1579431927374997,1.073228545417981,1.031230933149945
159,1.1593243641933655,1.0719405018624106,1.0316618775775983
158,1.1618778353408246,1.0735801808482557,1.0312453895852265
157,1.16200634114986,1.0745871343210904,1.0335080132656962
156,1.1496255517414216,1.0747814895859704,1.0347370215455671
155,1.1590833294641498,1.0742148415739043,1.0360421623966933
154,1.1575041297400528,1.0737740677887486,1.0361875018320925
153,1.156123150043863,1.0726335238753428,1.0342533807261802
152,1.1499151105457053,1.0712060203118754,1.0316609397951853
151,1.1434131235257419,1.068939875131372,1.0292122414690545
150,1.1379217038242628,1.0662585831811446,1.0273110672684813
149,1.1317123395570485,1.0633094833310153,1.0237689681845223
148,1.1262179960375802,1.0611496247143388,1.022548723025403
147,1.1226086953582002,1.0583025364005127,1.021197647954538
146,1.1190741052695483,1.0560866151244992,1.0186900114163477
145,1.1194864619061482,1.0539400975523905,1.0166626930171208
144,1.1146330452258124,1.0524126421161824,1.0168685267683142
143,1.1124249601920146,1.0497526594619484,1.0138750368421352
142,1.11120251302047,1.0463955731195445,1.0140112755664163
141,1.10833436277315,1.0438905215855399,1.0146111249687442
140,1.095625526967266,1.0399049466619952,1.0133416753828626
139,1.0952372317257038,1.038445420799341,1.0121399616598468
138,1.0938737774603655,1.0364808434766273,1.00966340547469
137,1.0891813204775018,1.036185445680704,1.0086596314662315
136,1.0878209342188625,1.0368300209460133,1.0090107820827596
135,1.0863429626559413,1.0372843770847835,1.0094369089280422
134,1.0848063762850004,1.0373298904163277,1.0089364724685692
133,1.0865576282518399,1.037394271461,1.0074662218196972
132,1.0883958761609158,1.039322858380608,1.0083768003117608
131,1.0899043346893744,1.039938991138355,1.0089685466153966
130,1.0946058885874919,1.0401554594108562,1.010752998216079
129,1.0979155539330656,1.0404843624627074,1.0113032836250444
128,1.099400872831226,1.040091980257783,1.0117146910086414
127,1.1009624817201227,1.0397936334103857,1.0118319971498153
126,1.1006445864765775,1.0402582143997345,1.0107215466179986
125,1.1014156015663494,1.0401778890645503,1.010518805267664
124,1.100975457958418,1.0395532976461028,1.0098496650022009
123,1.100691956629346,1.0398602637012733,1.0089007801622025
122,1.1036073966151896,1.039820691066708,1.0096753201950335
121,1.105509714824247,1.0397516608448285,1.0095120143396166
120,1.1052265245395783,1.0394670267500334,1.0088931023332128
119,1.104184961843389,1.0383624103415996,1.0088733820324507
118,1.101813078242983,1.0366841773327404,1.007713327994064
117,1.1023246317389586,1.0353519640569186,1.0070813464427646
116,1.1049019608638153,1.0359278547635287,1.0085165632283923
115,1.106203393238925,1.0358775886305704,1.0088777958815554
114,1.1078464469083011,1.0360178918046383,1.0095580886096305
113,1.1069384615265048,1.0360341941791584,1.0094493276963736
112,1.1057313728790816,1.0363663048243463,1.010569003973739
111,1.1069547449665094,1.0359680085645369,1.0103635805931015
110,1.1071530632550242,1.0349163613617962,1.0107373364726724
109,1.1033658153679862,1.033349467307939,1.010218043748137
108,1.1012932022133195,1.029841393733428,1.0094491642514307
107,1.1015218628458305,1.0294459507538392,1.008668603448926
106,1.0989479236821458,1.030848341583471,1.0083813477229189
105,1.098794619515847,1.0308048084606316,1.0078493288483459
104,1.0987648497999545,1.0297972976284668,1.0076138147060192
103,1.0981059037585343,1.030512070501509,1.0081304995106994
102,1.0989166668416654,1.0303998450731273,1.007796648523631
101,1.097985917355749,1.0292667122669557,1.0068236559931436
100,1.0965185890690057,1.0281173348444295,1.005247703859386
99,1.0956193175833508,1.0268930164215626,1.004204402893954
98,1.0947403764940258,1.025960571888395,1.0036851553236852
97,1.0923444651277865,1.024765993572807,1.0023529689390722
96,1.0904586344541902,1.0241146747981584,1.001555358586353
95,1.0892371780355636,1.0240132178133223,1.0014175495737139
94,1.088219079001699,1.0236218369722803,1.00282471373053
93,1.0863443054890938,1.0215833572365989,1.00048981313995
92,1.0855287798137356,1.0213693808947777,0.999776699820022
91,1.0843018035051044,1.0209132598751822,0.9989487187350113
90,1.0810602237573563,1.0192527879346363,0.996772849752843
89,1.0767797307756577,1.0183079524214267,0.9932885807288819
88,1.0710403501602386,1.016375740917841,0.9904933822729112
87,1.0672180774907793,1.0140017665233718,0.9880671294751954
86,1.0633888065237957,1.0107719106104718,0.9865444442213019
85,1.0604510339684803,1.0088726864952124,0.9859195346670498
84,1.0578125596389205,1.0074423143074054,0.9848979465600876
83,1.0558519573177068,1.0055730863775518,0.98514837627739
82,1.0537025396195832,1.0060867195951229,0.9849455709200937
81,1.0504581003195674,1.0059060874068666,0.9858129179015271
80,1.0457888650863065,1.0053879516625714,0.9848015579679785
79,1.0399381343005032,1.0043062255816377,0.9841951099002196
78,1.0361208077369723,1.0036451017650032,0.9825773942742768
77,1.0313460956375002,1.0009855054043129,0.9785376685227629
76,1.0275900783991736,0.9979807121980839,0.9759645762187462
75,1.0254644666644759,0.9975125208731423,0.9754934199803389
74,1.025832812612827,0.9985077010259338,0.9761079313143718
73,1.025100584500651,0.9982881638303165,0.9751260643047676
72,1.0274030066925932,0.9986024488802351,0.9772982198373453
71,1.0313986119463883,0.999586940938419,0.9788942966284349
70,1.0336719455854921,0.9995046616317956,0.9798443863476012
69,1.0353058012149616,1.000533588140559,0.9810319200609874
68,1.0335860490838964,1.0004779489963167,0.9813195494017458
67,1.0299593850936133,0.9989901049378508,0.9796563928617935
66,1.025416302513481,0.997230365416248,0.977492888233503
65,1.0221951226608175,0.9956733051652366,0.9759943803925702
64,1.0196615629113313,0.99485031543524,0.9763642330675466
63,1.0185166315367569,0.9940615281186747,0.9761372541378225
62,1.0184105511140045,0.9922865396273095,0.9747755812517344
61,1.0164758212906206,0.9918554531051272,0.9754424496259233
60,1.016500487269548,0.9934056025607841,0.977568360259781
59,1.018463498426948,0.9940506394668077,0.9781430705062578
58,1.0191813966664791,0.9946296010288102,0.9793953588305028
57,1.019068112640153,0.9960912061561531,0.9800997395963982
56,1.0208837539463833,0.996587000782312,0.9811032745916938
55,1.0193112662567134,0.9959460547209842,0.9803246217553658
54,1.018341626884859,0.9946879380281564,0.9802500100483305
53,1.0166864539839708,0.9938559867713339,0.9788407531265223
52,1.0154442607746779,0.9919444809343732,0.9774356782197948
51,1.0162138666920384,0.9916543834686642,0.976680915786108
50,1.0174129564457137,0.9932474636522634,0.9768331460222462
49,1.0192104753218734,0.9939041626575231,0.9772973890770801
48,1.020928856914146,0.9949263335746517,0.979061512024194
47,1.0212003087618302,0.9957711134627671,0.9794870532776446
46,1.0195244401178705,0.9958929996771494,0.9784655922445907
45,1.0166665242696316,0.9955840545950254,0.9774119848010112
44,1.0163186444467223,0.9955356837310083,0.9772241340509935
43,1.01704954471557,0.9940373136951505,0.9762016804620214
42,1.0161317355069381,0.9908201337953277,0.9744313730408046
41,1.0138573109120796,0.9893829842171888,0.9728699693467069
40,1.0140769117981645,0.9875273466717358,0.9712631454735852
39,1.0152657326826198,0.9871685076979674,0.9720865826571654
38,1.015649929529527,0.9872759973655558,0.9736746733097277
37,1.0145368021921302,0.9862283437603331,0.9744864098032313
36,1.0139442296701027,0.9847584287143029,0.9729174399010866
35,1.0131531677326984,0.9831986979189345,0.9721767936218392
34,1.0116948492544793,0.9819071908507961,0.9714254733321966
33,1.0089464360523226,0.9798272342177152,0.9689829762654778
32,1.0054851467520243,0.9771772063126339,0.9673253470164226
31,1.0032901516898414,0.9757592329664478,0.9664569787398174
30,1.000431952926731,0.9736712417686944,0.9648347268250099
29,1.0002244134316944,0.9735551426262525,0.9657909108379954
28,0.9996509045195884,0.9733702467386335,0.9670785242196557
27,0.9986382158524061,0.9733228330660416,0.9675436441195265
26,0.999865789609972,0.9728473465246776,0.9676065663592968
25,0.9989278092680377,0.9728486423118087,0.9672267296168331
24,0.9987305077676488,0.9719142654851667,0.9668956547543834
23,0.9958949388992658,0.9709802773637336,0.9663465071646227
22,0.9926566471763574,0.9707817319074084,0.9654498357218835
21,0.9893050737998653,0.9700900666058143,0.9642656571321979
20,0.9881418818454765,0.9683972807503164,0.9627013141197324
19,0.9855939299041867,0.9668663751575702,0.9607957324314769
18,0.9857495746852133,0.9667448473103956,0.9610323720768937
17,0.9854822059787502,0.965016042354988,0.962007638992393
16,0.9828412592058333,0.9633406516301561,0.9613994607815002
15,0.9809688306474432,0.9621879102186662,0.9609569299314478
14,0.9809477947303044,0.9615979898451731,0.9610852303397145
13,0.9806722575346855,0.9614877431300004,0.9611781784419323
12,0.979708559494445,0.9620397506330756,0.9601065277608991
11,0.9767309660792399,0.9621118503437874,0.9588249261465053
10,0.9731238973417315,0.9606729530214118,0.9577892124491835
9,0.9694645816247993,0.958372136736826,0.9556883532125668
8,0.9615410964166242,0.9526413770826365,0.9490466953429697
7,0.9581165929676152,0.9498939250295118,0.94616495718765
6,0.9556011854114378,0.9468728892332804,0.9433995073192222
5,0.9550290453779882,0.9456775383327163,0.9409582156554109
4,0.9635213849725291,0.9550729384340136,0.9505144853828357
3,0.9750522941507567,0.9687223446171035,0.9654753639283977
2,0.9844709108398259,0.980232731452215,0.9788333083876541
1,0.9933295041762323,0.9918975138685255,0.9916549077621705
0,1.0,1.0,1.0
